91

3 6 18 9268941

5 9 17 2348937

18 13 16 3002261

13 18 12 7641652

17 9 1 12086283

17 8 5 11433262

3 11 14 772145

15 7 12 7843722

0 1 1 12345678

5 10 0 914315

12 18 12 12896435

3 0 18 3419434

10 10 12 16455025

11 6 5 16601151

6 3 14 11228733

6 0 8 746674

19 12 5 13317962

15 5 8 7247725

15 12 9 10146039

12 19 0 7456727

2 4 9 9984214

10 7 14 799153

2 8 11 10422353

1 11 14 9423628

4 19 17 8647752

17 17 18 641943

9 19 15 1920860

10 7 3 164853

12 5 6 12961416

4 0 3 6916858

1 6 6 244822

18 1 14 7528354

12 12 5 9844066

9 15 6 6412793

14 13 12 5975987

1 8 9 10721380

5 15 19 2525253

7 15 7 10160825

1 13 2 12385748

6 17 5 2893927

9 10 0 4427535

5 6 13 2055286

12 6 8 6239359

6 17 18 3999725

12 9 12 16377499

4 19 0 7100999

4 2 1 14151894

19 19 2 8838911

9 14 3 9435124

13 16 10 13619731

14 18 10 13057117

7 8 3 13824172

9 7 11 4555327

18 3 4 15188458

5 17 6 16484307

16 0 9 11817257

6 12 17 11737294

1 7 16 5313899

18 6 8 2072195

14 3 17 8504369

3 0 2 14672508

3 18 4 11972625

15 2 9 8962512

14 19 2 13985320

3 19 12 4071309

6 9 12 9598908

15 12 2 10559540

7 11 18 4753250

11 0 12 8731386

18 8 18 12035434

11 8 9 12748941

19 11 18 10761533

10 11 19 7589866

0 11 5 15282893

3 19 9 14495063

10 7 13 12652350

19 5 11 16429069

5 10 15 11899461

10 4 6 9640412

8 16 3 7277873

7 2 7 6049462

13 5 19 10763819

4 8 11 16680448

8 4 12 1338923

1 4 9 3369903

6 16 7 16280818

12 13 17 2385736

9 12 11 10590596

15 18 0 6793077

15 19 9 63744

0 0 19 9456176
