process_id 0 request_time 0 complete_time 610
0 5 65 70 125 130 185 190 240 245 285 290 330 335 375 380 415 420 450 455 480 485 510 515 540 545 570 575 590 595 605 610 
process_id 1 request_time 0 complete_time 550
5 10 70 75 130 135 190 195 245 250 290 295 335 340 380 385 420 425 455 460 485 490 515 520 545 550 
process_id 2 request_time 0 complete_time 200
10 15 75 80 135 140 195 200 
process_id 3 request_time 0 complete_time 555
15 20 80 85 140 145 200 205 250 255 295 300 340 345 385 390 425 430 460 465 490 495 520 525 550 555 
process_id 4 request_time 0 complete_time 600
20 25 85 90 145 150 205 210 255 260 300 305 345 350 390 395 430 435 465 470 495 500 525 530 555 560 575 580 595 600 
process_id 5 request_time 0 complete_time 605
25 30 90 95 150 155 210 215 260 265 305 310 350 355 395 400 435 440 470 475 500 505 530 535 560 565 580 585 600 605 
process_id 6 request_time 0 complete_time 220
30 35 95 100 155 160 215 220 
process_id 7 request_time 0 complete_time 40
35 40 
process_id 8 request_time 0 complete_time 165
40 45 100 105 160 165 
process_id 9 request_time 0 complete_time 405
45 50 105 110 165 170 220 225 265 270 310 315 355 360 400 405 
process_id 10 request_time 0 complete_time 365
50 55 110 115 170 175 225 230 270 275 315 320 360 365 
process_id 11 request_time 5 complete_time 590
55 60 115 120 175 180 230 235 275 280 320 325 365 370 405 410 440 445 475 480 505 510 535 540 565 570 585 590 
process_id 12 request_time 5 complete_time 450
60 65 120 125 180 185 235 240 280 285 325 330 370 375 410 415 445 450 
