20
77 37
95 18
17 68
37 78
60 57
99 10
81 22
2 18
96 58
68 57
32 44
75 74
55 21
51 28
61 2
91 94
12 38
7 86
16 81
38 44

4
37 54
87 51
5 7
55 45

15
52 65
39 47
68 27
8 46
49 71
18 69
8 40
79 82
64 67
63 95
24 54
44 69
56 28
33 3
59 53

25
11 19
58 96
16 90
50 57
58 40
58 20
80 50
29 40
56 47
62 77
53 11
7 31
87 81
67 10
21 40
11 15
63 32
75 22
79 32
72 25
97 37
87 82
22 77
76 69
98 79

15
51 42
1 21
8 85
52 11
33 1
12 19
35 17
44 34
65 19
91 22
19 2
42 73
47 49
77 63
61 26

20
64 20
21 89
98 49
53 85
70 51
63 25
12 39
84 50
15 31
74 6
77 70
64 47
46 26
56 27
40 25
45 24
13 4
6 19
4 63
14 11

3
30 36
0 65
49 32

10
7 99
21 57
56 37
15 85
64 3
28 71
95 4
61 25
44 9
24 67

2
39 78
67 26

23
19 44
45 53
52 3
60 5
42 74
11 17
72 57
81 76
32 0
77 76
37 93
12 74
26 62
53 91
10 5
49 74
79 29
84 94
99 31
57 45
14 93
3 69
45 38

11
77 38
67 60
50 23
35 41
68 12
17 78
88 73
74 91
70 70
6 68
20 53

3
13 11
32 17
55 16

6
45 0
13 6
81 13
6 63
27 17
95 26

21
36 99
73 87
9 58
64 94
66 14
77 68
85 79
48 9
38 93
38 0
13 97
78 3
62 28
7 95
43 88
40 51
90 79
89 65
11 51
66 53
21 77

20
7 57
57 5
43 52
90 57
23 40
71 46
60 3
11 18
61 48
40 14
5 92
81 6
17 8
26 35
56 95
4 70
27 15
67 13
22 70
63 10

22
34 8
68 1
12 4
66 68
9 26
83 58
92 15
84 44
70 27
35 79
35 92
19 3
22 48
71 42
5 32
92 68
21 91
95 12
81 33
12 13
72 90
57 47

16
41 91
14 43
78 73
8 6
26 81
4 9
32 68
25 88
33 0
22 16
63 45
26 7
71 77
1 68
25 19
62 17

19
76 60
90 92
0 83
61 72
28 61
93 29
54 68
1 46
20 22
37 47
25 79
51 14
15 94
71 22
36 32
44 90
82 65
48 35
7 35

13
87 96
42 42
48 55
9 88
60 70
59 8
85 39
90 74
41 31
3 64
1 26
70 93
28 66

7
63 66
27 64
51 11
53 21
69 59
20 93
53 91

5
93 50
24 13
97 35
52 18
44 0

5
14 45
73 71
37 20
84 36
0 16

15
53 89
58 47
19 47
0 49
99 47
12 45
33 76
94 9
61 85
90 90
4 7
32 61
50 24
61 69
21 18

26
74 7
65 48
67 21
74 66
17 66
30 71
4 45
91 92
53 41
31 81
86 60
93 44
46 62
23 14
35 64
23 24
24 61
35 88
6 91
9 9
32 24
21 40
32 37
30 13
94 37
98 14

9
43 58
5 95
70 9
96 21
45 95
19 57
92 85
92 63
24 53

20
16 86
75 89
2 48
86 5
19 49
81 36
31 30
35 76
99 40
88 56
1 94
65 45
90 39
31 80
5 43
81 51
40 21
22 56
14 95
44 60

12
25 48
79 15
50 54
53 71
11 59
12 99
16 56
98 51
34 97
54 94
75 85
78 27

11
73 1
61 98
83 17
94 61
40 51
53 48
53 63
74 12
77 52
69 83
81 80

20
27 15
52 72
51 3
39 30
3 53
66 37
72 72
67 28
20 75
29 67
73 84
10 93
70 25
46 93
27 3
18 16
40 54
9 22
53 92
45 48

8
63 37
62 81
48 91
12 37
18 67
40 48
58 12
34 18

6
37 64
81 83
37 7
30 21
65 99
99 35

14
37 91
72 26
17 51
40 72
40 81
29 59
71 80
98 40
44 5
95 15
48 27
16 2
84 21
87 67

21
1 67
56 63
87 27
97 59
99 60
52 30
12 58
81 84
83 52
48 87
34 50
98 27
95 36
73 71
58 63
82 92
55 12
39 90
49 43
55 88
71 0

9
83 59
40 91
26 35
35 79
13 76
26 62
57 2
75 98
8 72

21
72 6
48 75
70 64
52 97
50 25
84 23
6 61
53 27
54 93
28 33
98 82
61 42
52 52
27 11
71 76
35 47
74 44
8 83
33 96
73 12
88 83

9
46 44
97 84
90 40
20 82
81 25
86 15
67 33
13 49
20 95

14
16 30
14 38
34 24
89 47
30 7
16 77
23 26
23 52
43 15
36 6
39 20
6 3
22 24
37 55

19
1 27
44 0
14 39
73 20
9 13
43 32
48 86
10 21
44 53
96 25
13 2
93 16
74 68
90 18
7 81
8 60
60 9
0 4
25 74

3
34 87
82 58
59 21

5
12 83
60 99
54 60
28 26
94 47

4
37 65
25 35
95 97
57 86

2
83 86
12 25

24
23 59
32 56
11 34
46 67
28 10
16 58
86 6
0 64
81 40
75 89
86 6
92 70
22 95
30 79
43 47
59 52
8 18
52 43
11 19
82 50
8 39
45 98
14 46
38 97

23
65 87
25 2
47 88
10 73
3 26
21 58
69 8
16 40
44 12
23 88
22 95
55 14
11 72
39 54
92 61
0 35
89 58
46 77
50 36
14 8
18 54
14 36
28 87

9
72 52
75 22
44 67
75 42
5 69
8 29
21 66
18 95
84 31

23
21 29
38 46
52 87
75 56
96 66
49 3
28 48
75 71
68 47
22 69
75 89
97 51
25 93
12 92
28 56
86 8
6 1
89 76
32 59
77 64
20 28
28 78
50 48

6
70 95
18 73
0 59
8 21
46 94
6 52

7
66 80
82 41
17 72
31 23
87 1
82 61
39 59

12
41 7
3 66
92 63
22 21
42 92
86 82
34 41
96 44
10 67
1 89
58 83
66 24

11
79 63
23 93
4 19
12 30
33 22
66 76
50 6
1 59
97 33
19 94
90 94

13
79 4
39 87
11 89
48 6
85 27
50 42
98 56
21 80
66 72
39 97
99 24
77 50
47 32

23
41 4
90 61
92 98
37 30
41 81
82 95
33 20
70 76
26 41
62 3
21 98
89 11
11 45
75 39
39 95
99 46
60 32
30 90
20 4
86 20
67 13
34 20
96 0

8
22 94
56 59
32 72
62 68
79 30
5 1
40 74
26 51

25
16 11
16 55
75 88
53 54
26 95
95 87
96 22
96 41
98 55
40 20
82 18
49 70
75 36
28 75
1 26
90 53
61 69
57 58
64 88
83 11
50 90
64 31
72 46
54 12
32 22

21
15 40
41 64
91 3
31 17
18 17
59 37
98 40
97 69
33 86
70 60
63 75
39 1
73 61
15 51
84 48
88 61
77 51
6 30
99 68
38 89
26 17

24
76 57
7 19
52 63
85 19
82 80
71 38
63 44
11 23
59 11
0 25
54 62
68 82
81 23
61 57
36 50
60 10
81 12
27 19
38 86
66 12
50 73
69 37
12 66
77 32

23
29 57
12 33
53 11
44 87
0 11
47 95
55 62
44 59
87 74
64 30
96 51
54 37
6 33
46 20
97 39
48 69
55 27
90 60
47 8
71 35
30 47
10 70
82 37

6
21 11
75 36
32 72
26 65
71 17
15 98

12
37 96
75 11
71 92
52 65
0 71
70 24
46 82
19 32
38 28
49 82
10 74
6 74

2
76 52
51 46

18
47 9
20 28
72 74
39 43
14 25
1 92
74 37
69 99
28 94
28 8
82 29
3 38
13 41
17 56
7 12
73 60
41 6
80 45

15
71 40
7 90
43 63
90 44
13 43
23 36
64 21
56 52
8 3
68 97
66 64
23 32
5 78
19 81
13 2

12
36 43
2 27
71 0
42 46
11 66
41 78
94 85
41 93
53 97
18 90
56 69
92 50

13
25 8
62 6
43 38
75 57
59 70
93 27
69 5
17 11
52 99
93 2
95 98
51 43
13 85

23
63 93
79 65
91 23
86 37
80 81
56 43
3 3
96 35
56 60
29 8
60 55
1 31
26 58
62 96
9 63
56 83
48 72
48 88
77 91
73 34
29 58
61 81
17 84

11
73 45
74 17
30 81
82 58
36 40
2 78
39 0
8 37
38 11
11 48
26 29

24
36 54
36 27
11 49
58 53
78 8
35 28
10 59
93 93
81 50
5 23
62 81
42 42
32 26
89 90
68 14
68 87
14 4
53 4
9 77
86 64
44 40
51 73
66 54
4 97

26
61 20
35 81
75 4
88 13
2 17
86 2
23 89
55 42
48 79
89 33
71 64
8 81
32 44
62 62
18 29
2 61
94 80
36 89
2 21
39 24
79 56
98 77
71 2
81 53
38 71
35 22

11
43 3
36 5
19 57
76 17
19 33
27 56
92 8
62 1
40 16
95 19
17 69

24
22 40
64 31
53 61
22 99
95 57
45 80
99 52
28 62
34 84
64 84
28 42
57 65
57 45
92 76
45 26
18 42
73 19
80 82
34 26
35 55
35 29
81 80
95 86
23 62

6
87 98
27 71
80 52
61 24
16 8
53 87

12
25 57
92 35
14 57
12 26
7 49
82 99
38 40
2 77
6 61
48 1
28 29
10 52

4
18 13
52 20
83 24
1 61

20
58 53
31 84
86 71
22 38
79 68
97 60
21 33
34 55
84 21
25 62
66 46
17 90
42 39
22 93
94 56
61 92
29 52
75 93
83 15
35 98

16
32 58
32 48
82 87
23 53
31 97
15 22
39 21
16 54
28 84
78 72
33 73
2 82
58 78
14 17
4 8
18 28

15
50 76
11 27
50 56
87 60
27 24
63 8
24 82
62 99
77 96
82 35
37 12
22 12
26 6
62 30
48 55

2
51 83
46 77

9
58 80
4 94
2 86
20 20
19 27
75 82
70 49
61 9
22 59

12
48 66
80 65
65 55
91 31
8 16
75 37
96 40
45 69
24 34
54 65
84 51
78 36

12
88 6
18 46
81 62
10 36
16 98
16 18
9 47
8 84
60 98
46 48
93 29
53 80

12
56 34
23 47
32 87
27 81
99 31
64 89
51 35
52 63
31 69
30 51
59 15
75 29

12
57 75
56 5
16 62
71 42
65 15
47 58
37 99
50 30
95 78
29 86
90 10
41 51

18
8 81
62 53
65 84
93 38
46 70
38 55
78 40
58 53
53 88
25 57
7 83
30 3
85 45
35 40
33 88
21 29
34 42
78 84

26
71 74
72 69
8 78
57 12
70 13
66 97
23 79
39 2
32 78
63 84
72 25
58 51
73 53
87 52
30 9
83 86
7 53
32 7
19 67
81 41
38 42
21 99
53 61
92 60
97 38
63 55

21
73 59
84 74
61 26
8 45
80 99
6 62
94 87
58 26
7 87
25 0
74 58
12 39
83 86
83 50
65 38
49 4
78 38
16 85
30 39
90 25
39 62

26
85 49
8 75
34 72
49 60
34 92
4 40
23 21
4 6
71 14
63 61
39 10
78 1
83 31
21 3
94 46
47 70
97 79
51 7
68 31
24 1
41 2
75 80
87 17
31 32
93 58
20 46

11
99 47
83 15
89 54
49 29
28 11
9 28
32 36
4 40
16 85
26 58
34 97

22
66 36
94 26
73 11
95 15
66 72
55 63
52 20
21 36
65 63
24 50
34 53
57 65
33 19
97 67
1 30
66 93
19 19
82 13
80 44
17 78
41 46
18 72

22
40 61
26 60
85 42
76 79
88 2
35 47
44 55
9 18
84 37
57 80
63 49
29 1
70 93
86 27
98 95
56 31
43 38
32 34
65 28
30 60
7 5
60 18

3
21 36
72 41
50 54

24
3 69
62 3
83 74
69 0
31 81
71 25
11 74
55 3
15 76
81 37
55 74
77 93
67 43
16 18
68 21
42 90
93 72
98 4
4 76
57 67
44 87
13 80
83 55
83 20

2
16 58
65 24

11
9 54
72 28
49 25
67 93
17 91
47 12
89 15
34 3
42 98
79 30
37 8

16
20 28
86 17
41 36
97 4
13 47
20 26
27 90
57 65
82 71
70 69
10 49
83 74
68 61
40 13
50 76
5 6

24
43 23
17 10
59 47
60 64
36 85
65 2
59 1
35 88
58 29
91 84
19 84
5 52
44 32
34 81
38 51
26 56
18 82
81 95
60 78
15 94
96 48
50 32
20 8
89 37

8
80 22
41 15
72 33
77 26
60 54
92 80
7 69
87 26

4
17 60
6 14
15 33
65 2

19
38 62
51 54
76 69
36 32
65 70
96 9
63 94
75 8
29 7
86 34
88 69
86 98
4 3
70 71
37 58
21 87
41 75
96 72
4 70

9
21 92
88 41
56 16
43 48
78 16
54 77
65 99
85 52
56 20

9
14 90
77 46
73 87
60 71
41 69
1 16
90 33
73 95
51 58

25
19 1
30 3
2 73
77 95
68 88
97 33
0 10
88 95
68 39
51 11
4 37
38 68
10 89
14 33
37 20
21 87
91 56
82 3
50 93
33 59
45 18
29 82
77 97
36 69
32 45

15
36 82
73 8
18 25
39 6
95 38
11 78
69 52
86 14
16 15
0 45
90 87
68 35
12 87
76 37
21 10

16
57 44
17 72
90 34
25 76
71 80
43 3
25 75
61 57
25 40
92 59
1 12
80 79
44 41
17 69
90 54
50 81

26
20 53
95 33
58 96
19 27
70 14
39 47
60 79
4 31
75 19
73 69
49 55
99 14
31 71
13 53
55 64
69 13
98 75
23 16
43 9
23 95
42 65
44 62
45 54
26 0
69 20
75 99

23
26 13
96 94
7 31
87 60
29 20
71 62
38 45
88 80
3 33
75 5
49 17
14 29
55 49
71 34
62 6
19 42
88 88
20 67
27 95
68 59
21 56
53 39
19 59

20
74 92
19 98
47 43
57 1
8 49
72 43
5 15
86 66
54 46
18 54
81 49
17 77
50 90
43 8
79 62
54 37
35 5
48 26
27 35
36 5

12
8 49
6 2
89 74
28 52
70 43
24 29
99 99
50 66
10 7
39 12
18 99
34 44

21
21 93
50 23
11 57
65 99
58 13
2 91
19 10
33 97
74 1
0 32
82 40
50 59
98 94
65 49
36 43
88 9
33 9
67 38
90 96
9 84
76 48

16
47 10
43 61
87 48
48 28
62 28
30 8
58 9
74 32
20 1
89 83
68 29
96 80
70 16
26 33
9 18
28 42

10
24 55
43 57
57 4
66 23
53 17
76 75
49 37
57 29
71 85
5 87

3
22 35
68 21
91 0

4
71 94
49 86
95 95
99 92

6
66 67
21 22
50 93
95 58
68 79
50 80

7
53 37
11 90
59 74
17 11
5 88
26 89
84 7

25
36 51
19 78
0 54
47 92
50 50
81 94
26 18
25 84
37 64
75 16
27 12
81 39
96 67
94 70
55 3
55 67
97 43
97 74
66 49
99 96
91 68
39 33
17 69
33 64
32 54

13
11 18
0 0
48 79
25 70
77 52
59 44
42 72
69 85
3 91
43 18
61 71
62 76
45 30

6
99 16
77 63
75 18
70 29
29 6
31 40

8
75 70
42 40
77 69
61 64
34 80
4 4
32 95
77 66

4
45 97
61 28
46 22
3 88

20
33 46
77 61
31 66
59 4
74 25
41 36
17 87
43 75
22 73
39 75
4 0
45 89
2 32
31 20
75 90
36 99
60 60
79 65
69 43
69 38

22
10 26
95 82
25 38
60 68
60 52
56 12
10 49
51 89
20 82
57 93
29 71
32 70
49 46
67 27
96 39
65 15
97 59
49 13
81 75
79 9
22 41
90 36

9
41 77
49 14
23 34
15 20
52 93
94 13
81 80
28 85
51 96

16
64 45
72 88
50 97
39 52
40 72
56 29
23 17
66 70
45 9
77 86
91 91
85 42
75 23
3 71
74 23
69 95

17
93 35
85 87
78 97
37 9
65 60
35 6
72 87
33 96
73 11
54 76
61 68
43 29
84 84
10 67
88 79
15 52
40 81

4
70 79
68 62
79 30
65 75

19
62 99
62 52
28 87
55 68
97 41
78 99
18 82
13 88
41 6
87 80
33 33
3 18
39 47
26 86
51 14
65 45
97 65
5 80
48 77

12
46 19
97 11
29 80
93 37
78 87
75 26
59 11
67 45
36 6
84 53
56 2
68 30

26
48 79
57 79
91 48
46 76
25 55
36 26
72 62
93 24
51 98
9 4
23 48
85 67
51 76
85 87
7 81
61 59
90 7
56 70
98 33
88 2
81 23
37 25
1 5
55 30
87 52
0 64

12
85 31
82 39
76 25
32 16
29 87
77 40
48 99
97 62
51 2
35 72
9 28
29 40

17
33 95
59 79
89 33
19 42
77 80
56 96
28 93
74 43
72 20
20 73
70 35
38 23
58 94
3 18
47 51
98 95
74 80

10
16 65
36 52
29 96
5 32
61 22
96 0
73 33
54 21
43 60
98 29

14
16 39
42 41
88 15
47 41
99 63
31 12
49 3
33 79
84 33
46 7
56 37
10 80
86 77
73 22

19
10 20
88 6
49 3
92 3
2 90
41 7
90 66
15 44
29 69
6 1
47 37
93 43
5 27
65 22
95 27
99 32
39 6
61 87
42 40

7
96 82
75 64
54 62
30 71
1 24
82 31
78 38

2
58 83
5 82

25
53 61
60 56
95 11
72 99
93 87
69 78
42 41
3 44
15 49
25 33
16 16
6 7
84 95
53 41
99 18
79 76
32 52
63 91
42 79
66 35
65 35
76 87
31 60
61 31
17 99

13
33 67
74 93
29 28
33 67
66 47
26 10
94 18
33 69
11 26
92 21
86 46
74 80
63 98

9
62 59
97 74
8 30
56 42
71 88
22 23
90 18
96 84
78 60

17
4 94
15 76
74 49
81 53
4 0
58 44
7 15
13 84
92 89
45 55
27 81
55 68
10 97
46 39
17 23
17 63
92 74

11
18 23
4 37
41 71
29 0
7 9
22 65
58 96
93 77
56 91
46 14
76 6

12
99 52
67 54
28 16
52 59
78 3
59 90
83 49
30 60
19 92
66 47
5 68
61 96

25
75 52
58 46
31 52
3 62
82 38
18 72
24 41
71 22
33 66
2 72
2 93
13 46
13 50
7 81
94 9
13 8
54 70
74 72
86 38
76 77
1 68
62 94
68 26
92 33
6 54

21
60 47
12 41
6 62
22 45
40 15
28 30
36 62
88 52
91 74
2 17
19 11
73 49
69 45
89 59
17 23
23 36
77 77
92 35
33 83
50 14
96 73

5
32 87
75 83
74 59
61 44
63 85

12
60 11
70 32
55 2
38 87
16 78
66 67
50 8
74 99
24 52
30 22
7 11
38 65

18
34 39
77 79
42 98
10 88
58 74
29 12
50 45
61 8
26 17
19 22
96 25
49 71
54 19
26 12
50 19
11 44
23 84
34 88

19
97 76
86 91
73 9
12 31
44 33
59 81
53 66
15 84
33 76
82 86
64 45
47 54
65 8
83 83
18 5
33 53
44 15
76 19
2 17

17
98 50
9 22
27 17
32 93
78 3
86 70
34 75
22 40
57 94
29 6
76 62
95 82
27 43
19 66
68 96
99 60
34 66

10
61 83
67 54
84 16
2 37
71 60
34 94
51 17
47 92
68 65
12 81

13
78 60
57 83
95 46
65 56
16 29
90 48
68 22
7 58
61 5
29 19
5 7
11 46
45 50

3
79 70
34 89
19 39

19
18 96
4 12
41 83
83 73
95 83
41 51
9 54
25 54
62 38
36 83
33 73
1 34
13 3
37 42
62 52
1 6
18 80
15 57
82 11

25
30 46
40 2
11 84
62 46
60 1
89 97
30 33
87 23
88 85
75 29
91 93
46 81
52 23
38 3
38 15
14 89
91 68
4 6
52 54
55 18
15 13
98 44
68 97
83 37
67 8

12
10 1
47 43
47 34
24 3
41 15
29 13
56 61
65 35
39 10
65 84
99 4
55 62

24
92 82
90 32
42 59
70 44
91 37
85 56
32 46
39 0
81 98
54 0
66 68
7 17
34 2
1 12
19 96
78 50
82 11
71 21
65 76
14 93
1 8
55 99
51 85
83 46

9
90 47
65 0
59 7
41 67
68 71
42 90
20 19
53 54
25 41

9
70 58
67 96
47 23
8 74
20 98
82 92
82 67
84 82
41 41

3
65 82
24 20
91 7

22
96 61
38 38
97 78
26 60
83 16
42 73
23 92
84 62
82 57
39 18
59 66
18 33
50 41
18 90
33 57
71 63
53 29
60 61
22 2
70 86
12 5
97 12

14
81 27
61 45
84 51
10 79
49 69
19 4
22 39
24 29
0 37
90 6
66 61
83 45
15 4
16 41

5
4 38
72 7
68 49
85 23
34 47

7
38 97
88 74
3 12
49 65
71 55
69 39
36 37

6
52 93
10 45
36 32
39 14
15 8
83 7

2
69 6
55 7

11
96 34
89 71
20 61
84 45
14 12
48 73
66 70
16 0
32 76
42 52
12 23

9
95 30
89 10
69 17
76 44
40 3
93 48
20 53
37 90
56 32

12
26 33
85 77
5 94
46 70
93 48
57 10
58 76
65 19
89 75
51 61
54 44
89 99

9
79 20
4 97
59 87
66 37
23 88
94 60
59 45
38 94
51 21

16
23 79
54 31
93 12
56 6
57 99
6 98
77 77
82 55
15 17
83 71
46 3
49 95
6 91
30 43
47 28
7 96

22
62 28
73 82
90 20
77 72
30 40
18 7
89 38
5 87
22 12
59 60
10 69
76 50
32 5
52 56
15 81
61 22
56 29
49 34
58 99
39 27
34 40
78 9

2
83 48
70 39

23
92 98
1 6
11 68
76 85
66 16
90 91
21 27
13 47
98 70
49 71
64 37
99 35
62 42
78 47
70 2
52 74
32 62
30 5
91 95
11 58
49 9
89 2
1 70

4
99 93
94 26
90 88
87 30

11
87 92
46 14
40 57
19 99
56 72
20 1
59 47
9 83
37 8
31 98
0 90

3
26 89
30 70
52 68

21
45 5
19 56
13 43
94 60
84 32
33 51
50 4
40 92
53 59
57 77
68 36
12 10
88 9
91 34
87 57
62 61
17 84
27 81
93 31
15 22
73 78

26
23 34
26 93
98 35
92 56
76 34
98 2
91 85
77 33
72 0
14 90
7 56
35 95
41 90
6 9
34 71
57 7
0 10
45 84
40 51
37 89
92 16
53 36
21 35
35 82
72 45
1 49

9
88 96
89 22
28 98
32 60
18 35
88 94
39 54
94 39
28 29

14
64 73
8 67
50 37
34 95
96 74
6 87
76 44
86 81
9 26
10 46
16 97
85 5
44 22
16 76

2
30 4
21 98

25
10 58
5 0
26 45
32 53
50 85
66 60
86 36
34 27
24 97
2 51
25 61
89 98
24 94
24 94
67 74
85 74
26 77
74 42
96 5
90 7
67 46
34 8
35 54
3 68
71 12

7
97 73
63 3
79 91
67 9
76 6
91 42
20 5

10
25 80
39 81
79 67
75 58
64 13
82 11
75 67
72 5
2 48
63 28

22
24 59
65 13
7 0
58 8
42 27
5 90
29 75
55 72
0 87
52 68
2 11
38 71
96 8
62 86
2 76
35 60
73 26
79 53
61 80
59 37
27 55
31 16

10
86 89
89 95
99 6
9 52
90 23
19 69
83 28
30 95
30 43
16 9

10
48 88
25 97
52 60
76 4
12 83
69 17
6 59
59 28
37 10
52 82

10
81 53
48 41
85 63
72 30
66 53
54 12
89 63
15 14
42 93
57 51

12
17 72
0 18
81 28
62 89
47 33
66 15
63 89
26 82
6 45
11 31
37 19
8 26

5
54 94
45 46
58 11
28 69
70 28

8
59 9
43 18
33 7
48 61
43 48
46 26
9 50
21 57

24
29 36
30 50
48 35
47 27
96 58
87 27
36 66
78 96
91 54
40 37
37 53
48 40
86 15
24 50
71 96
32 23
26 53
88 14
41 74
33 87
15 37
56 72
68 51
57 34

12
49 71
60 65
65 90
28 75
99 16
39 24
8 23
1 92
33 22
63 75
60 20
87 53

9
90 9
95 53
65 48
97 18
78 30
47 39
68 53
4 63
3 44

6
47 53
27 80
8 80
53 91
96 20
53 40

9
58 31
31 52
22 23
5 80
20 0
5 52
68 40
36 61
41 23

18
73 70
3 69
12 81
54 56
48 8
65 7
17 79
62 69
91 40
45 43
15 43
0 49
17 7
95 61
54 40
63 37
6 28
61 66

20
15 74
22 78
95 74
91 54
16 64
7 83
28 11
78 2
2 30
47 37
33 63
70 40
55 70
76 50
11 21
95 46
24 79
5 17
71 19
35 49

17
42 32
13 3
82 44
98 43
90 19
4 13
83 82
37 74
2 33
97 10
5 0
24 28
33 75
98 95
82 34
67 90
94 76

7
76 20
70 75
17 47
4 84
19 0
89 78
33 53

2
33 2
30 57

12
15 32
83 57
40 50
69 73
67 16
89 49
24 95
43 11
95 41
93 99
77 15
20 83

14
74 83
40 48
10 4
71 25
8 19
11 21
90 33
1 80
69 91
67 96
91 32
28 61
6 90
20 95

16
34 67
41 24
17 82
44 97
68 42
2 64
75 42
84 35
88 55
76 28
95 85
28 9
89 8
15 19
91 36
3 4

2
44 81
98 60

18
92 4
20 61
3 46
81 48
3 88
16 70
7 32
93 63
72 35
6 34
70 87
43 97
23 73
69 24
74 83
39 10
23 66
12 60

4
46 8
63 67
35 68
75 47

2
62 40
74 22

21
96 61
57 66
41 69
90 33
8 24
64 52
76 74
39 76
84 55
22 85
53 99
47 9
59 80
42 39
14 34
95 11
30 62
84 4
38 71
48 74
27 46

16
3 72
11 40
76 58
32 96
1 75
22 41
0 81
24 62
28 86
82 87
17 90
74 38
76 41
89 1
28 22
95 53

10
58 93
69 93
25 55
8 96
19 18
70 42
18 33
61 57
91 5
75 3

6
68 30
31 6
28 57
62 59
94 75
34 7

14
41 76
24 12
82 1
43 43
28 52
9 61
19 41
45 0
30 94
14 75
58 36
16 71
33 17
63 92

17
50 78
19 68
92 14
96 20
16 88
68 48
10 77
96 10
7 10
92 42
56 34
92 80
97 79
64 61
24 41
19 4
24 74

17
69 88
36 62
78 9
77 36
46 8
4 39
46 9
1 99
7 80
72 82
31 87
51 85
9 72
43 8
32 35
75 85
99 53

13
30 14
92 48
46 38
94 83
30 55
9 93
53 62
87 43
74 40
91 72
34 98
93 99
84 69

5
89 45
56 77
7 4
96 56
3 45

8
10 92
37 61
24 19
62 90
30 63
35 88
86 74
73 69

6
9 39
84 9
39 99
3 92
49 46
44 51

6
36 82
96 14
34 25
16 72
35 48
89 98

24
27 72
98 92
83 59
68 7
58 19
63 7
6 13
64 12
16 50
38 99
47 31
17 15
31 19
6 17
6 30
54 28
72 86
45 52
12 7
26 13
73 70
84 90
54 79
81 0

25
71 51
98 6
23 86
70 69
75 92
51 0
54 4
76 37
82 59
71 84
62 47
20 41
77 4
59 51
32 30
81 82
88 55
42 80
49 63
55 12
64 77
81 58
95 70
81 9
45 77

4
8 77
97 46
75 12
23 1

7
5 85
41 87
19 45
60 35
99 20
49 16
26 15

7
22 85
67 92
37 51
28 71
69 97
62 78
79 45

12
64 50
89 43
88 57
92 60
33 49
17 43
58 82
65 95
17 44
63 57
46 69
49 86

21
27 56
1 6
43 58
75 3
45 86
27 84
77 5
90 28
97 20
31 73
90 92
10 75
90 47
93 31
32 28
84 89
95 12
70 37
41 39
77 97
82 86

6
11 43
34 32
81 83
14 59
49 74
36 41

25
67 31
12 93
83 99
63 96
34 30
21 34
83 75
13 99
3 65
76 56
90 88
69 60
74 1
50 95
31 16
99 50
44 98
50 11
60 79
9 13
99 94
21 31
82 83
48 86
42 85

4
85 25
47 37
63 86
37 42

8
39 74
24 83
94 83
14 26
92 54
0 24
7 91
26 73

16
27 59
2 26
4 4
93 87
25 51
45 8
40 62
2 19
44 23
69 37
52 22
14 76
76 28
87 6
84 2
61 28

13
15 6
62 67
60 54
80 65
11 69
9 94
48 82
78 84
53 38
42 1
15 29
58 22
61 73

12
89 58
69 73
41 47
10 37
49 47
79 27
38 18
79 26
74 21
99 15
69 64
6 52

2
28 68
41 8

18
99 20
46 82
30 21
58 39
38 92
19 59
78 18
44 10
83 9
25 70
35 34
87 46
96 93
74 55
96 57
29 15
98 48
69 27

5
79 66
5 72
43 38
68 75
71 53

7
41 88
23 7
53 28
22 10
17 1
58 96
63 65

17
61 13
34 67
86 41
65 13
4 43
18 9
14 72
2 89
82 3
26 9
14 63
85 88
5 16
26 33
48 70
84 18
86 10

22
72 3
69 84
40 15
85 78
92 64
19 26
60 47
25 28
95 23
60 13
18 63
41 45
94 89
25 60
46 56
59 47
83 70
85 28
58 23
88 22
48 3
50 7

10
76 87
82 84
44 41
60 97
39 90
36 1
78 99
45 92
51 25
9 67

9
84 52
26 90
93 72
31 26
34 44
72 19
53 70
15 13
25 3

9
26 42
41 93
37 56
34 38
5 88
72 43
79 9
35 63
56 52

13
52 35
54 47
18 76
90 60
63 85
42 67
94 57
98 87
24 2
36 88
45 64
37 31
11 54

2
15 41
54 8

2
53 13
89 57

25
79 69
84 8
2 47
93 41
91 89
65 47
36 79
76 30
19 67
30 30
23 71
31 45
48 29
82 44
34 5
74 6
14 65
64 10
51 69
58 9
57 42
73 76
58 45
12 49
31 77

22
6 0
31 92
40 35
17 76
62 97
23 75
42 27
92 33
84 11
21 53
62 78
3 97
55 7
72 52
35 84
84 67
59 41
76 16
44 0
97 46
21 6
33 21

15
77 54
91 74
96 31
45 69
73 93
1 53
25 77
65 85
70 92
3 6
35 38
82 3
53 81
54 40
25 26

20
3 32
23 92
40 86
31 45
70 86
87 36
61 99
16 72
94 5
9 75
10 32
66 64
69 43
97 58
84 47
80 67
12 39
25 55
52 52
38 8

24
77 97
58 74
90 50
96 16
77 65
27 81
99 93
63 70
20 58
42 10
42 87
51 81
58 98
50 4
94 66
15 25
99 72
74 26
42 41
7 70
3 71
64 34
57 3
61 79

6
3 42
84 16
20 36
94 34
85 24
70 12

14
94 28
54 13
54 20
91 48
19 13
0 46
49 35
15 57
86 10
65 9
93 54
74 1
47 28
65 50

12
79 73
67 40
46 92
98 88
31 94
65 12
12 77
27 0
67 21
59 89
7 76
22 13

12
2 40
42 8
20 67
98 15
35 12
58 90
40 23
6 52
69 52
16 83
62 69
89 37

6
65 96
62 11
71 87
89 54
96 31
3 8

16
15 6
48 99
74 73
77 89
93 80
15 46
68 10
99 78
34 57
22 96
10 45
68 62
3 64
12 0
3 12
70 28

21
71 27
53 44
22 12
5 85
1 20
88 67
67 31
65 45
20 15
25 62
30 34
37 89
1 82
38 49
72 30
9 57
53 43
55 15
0 27
48 12
32 53

15
99 84
1 86
6 14
39 63
94 92
29 80
33 28
66 31
3 15
77 75
29 98
53 92
44 56
56 17
49 98

22
0 82
84 31
89 14
5 99
45 81
10 85
19 74
40 93
96 34
11 16
97 94
99 55
0 5
62 69
18 98
32 7
90 71
37 68
68 79
12 43
80 13
39 74

3
80 68
16 38
1 48

13
57 97
2 62
31 57
7 64
23 2
73 39
8 65
44 10
5 28
41 8
83 38
89 33
13 3

4
13 19
82 29
38 10
64 45

24
29 28
82 54
45 4
70 55
18 53
33 66
75 75
13 75
60 10
65 55
82 73
38 84
67 63
1 0
64 64
44 0
54 45
2 27
34 0
5 72
90 4
80 39
66 17
27 45

3
92 0
35 51
41 29

25
93 48
64 52
52 9
55 8
35 59
59 9
81 22
26 16
7 23
41 58
4 25
3 68
13 56
91 54
47 94
42 42
94 40
50 6
14 98
57 57
66 2
24 68
37 99
22 50
61 44

15
65 70
73 84
49 21
65 80
79 43
37 7
53 20
22 43
9 51
61 79
45 63
39 29
66 96
18 42
3 63

9
68 85
58 18
67 41
6 90
70 62
99 65
18 42
64 42
3 22

20
67 83
12 40
36 58
0 31
94 6
88 3
71 79
89 58
25 65
23 32
54 87
38 41
59 96
12 80
36 33
16 7
99 55
13 81
64 35
41 14

12
82 17
41 89
30 40
18 58
81 14
68 57
96 22
34 16
80 28
16 67
36 87
86 71

19
73 37
51 33
43 67
1 20
13 84
14 93
11 71
53 81
1 21
69 27
13 18
50 49
66 81
69 90
28 89
78 38
71 2
21 81
2 14

24
15 98
64 15
79 39
92 45
47 52
21 71
85 17
67 22
40 18
87 57
86 30
60 25
96 40
61 42
96 62
60 83
98 11
50 24
70 29
81 94
18 69
86 54
77 3
73 53

19
12 63
49 99
60 37
85 41
2 54
50 47
59 37
87 61
64 83
5 17
98 10
28 26
12 5
82 83
8 18
33 51
51 20
9 82
75 63

21
77 17
67 93
52 14
1 80
96 88
45 70
69 7
87 72
36 26
8 23
31 54
39 59
62 52
61 73
48 25
42 8
1 25
91 61
42 6
46 45
15 38

18
36 97
85 15
52 62
70 8
39 58
98 82
44 43
5 71
20 22
16 65
66 97
89 78
20 24
70 34
1 10
8 62
29 38
0 45

8
23 53
44 92
42 5
1 40
45 13
85 23
40 62
28 35

22
53 24
10 42
52 75
37 63
1 12
57 19
0 2
25 62
59 44
86 82
83 99
96 0
37 59
51 58
38 72
48 21
63 43
19 10
74 67
80 8
27 75
29 89

7
6 52
63 24
11 88
24 62
58 63
0 83
86 16

2
7 54
98 73

24
69 36
10 89
21 77
5 37
67 11
15 85
61 73
14 78
40 72
87 38
73 50
18 40
65 59
18 24
74 90
78 40
81 43
21 88
26 3
66 78
15 45
70 81
11 76
1 84

5
88 74
99 53
23 28
45 10
28 47

15
20 22
65 66
7 2
57 38
16 85
30 23
4 83
60 0
37 67
70 61
1 63
63 75
98 82
79 73
54 97

19
26 19
37 86
93 28
85 75
44 78
8 60
16 27
87 60
49 83
5 0
54 13
76 80
30 36
67 1
7 28
99 35
21 34
14 36
64 66

4
8 44
4 12
29 87
75 16

14
27 66
79 70
50 33
21 7
60 33
13 89
76 20
54 64
1 49
15 20
72 17
25 59
63 37
66 12

6
30 39
19 97
76 0
3 4
26 35
48 88

17
68 1
17 43
92 22
94 18
35 7
66 67
4 12
77 81
60 22
4 68
87 58
86 5
60 92
70 74
22 0
53 85
80 90

22
72 64
58 89
76 79
45 77
81 41
18 78
38 55
60 86
26 48
87 17
77 70
40 61
83 77
30 77
57 25
89 0
41 29
8 47
25 70
11 5
83 58
14 81

25
26 19
45 74
13 43
72 67
7 74
9 49
31 84
93 86
75 83
77 22
82 74
51 47
10 39
74 10
76 91
10 0
26 2
97 8
75 39
65 69
70 35
19 26
12 1
84 65
87 87

13
22 13
65 60
70 13
40 27
3 13
24 40
66 57
6 84
59 57
22 75
45 94
66 48
60 98

8
99 34
48 70
44 12
77 8
79 58
98 4
59 92
68 90

20
4 8
65 26
1 16
62 39
39 98
96 28
11 99
50 31
79 34
78 62
92 39
70 36
86 48
60 15
83 76
84 80
7 40
56 1
40 8
59 18

6
55 99
10 30
80 38
69 44
75 95
39 9

15
39 79
94 50
78 99
80 30
70 15
16 39
47 78
96 9
88 58
14 95
58 19
51 4
74 54
29 98
89 83

20
29 14
9 95
73 28
60 91
13 88
57 99
99 91
39 66
6 57
23 35
45 25
29 28
2 99
29 79
69 37
51 22
17 98
26 12
3 42
83 39

20
40 38
89 11
51 58
64 47
70 38
83 42
23 50
52 82
11 2
71 89
93 85
54 21
0 5
61 49
32 39
29 29
93 24
82 19
66 44
34 46

15
17 40
63 39
43 51
15 66
89 85
78 0
7 11
11 83
44 56
88 50
79 26
71 64
46 50
16 67
1 44

9
70 85
0 48
91 21
88 66
8 76
6 89
48 19
30 90
86 4

9
64 44
8 63
14 35
2 54
50 82
39 55
25 87
88 87
31 99

6
59 87
28 62
33 66
56 76
32 15
47 94

3
11 59
46 84
90 25

3
41 59
99 56
34 28

15
85 16
23 69
29 24
5 37
71 47
55 81
14 86
86 49
60 90
27 97
74 7
60 17
58 33
84 16
2 39

25
39 55
30 44
25 64
69 68
91 72
27 2
68 29
15 29
89 11
38 64
90 48
8 7
66 76
12 77
31 5
12 87
32 71
87 95
63 9
34 8
10 6
35 61
42 31
42 3
67 32

9
10 80
41 39
5 38
50 18
49 62
27 38
70 72
59 22
37 31

19
43 65
79 78
9 30
33 21
5 3
35 53
15 86
79 74
32 53
3 97
98 46
73 41
63 71
30 95
84 95
12 98
28 27
10 91
65 89

22
70 92
79 0
15 8
87 53
85 20
24 84
35 32
57 17
33 6
36 5
89 28
92 86
14 69
79 84
1 3
47 26
27 71
80 26
80 94
15 19
56 17
1 39

18
11 8
41 97
33 16
5 21
14 20
86 26
57 50
51 42
89 84
11 22
54 16
48 5
72 74
30 17
71 11
72 21
18 82
98 13

5
55 35
1 75
62 82
39 51
2 4

25
76 45
13 86
44 31
57 13
31 16
80 87
60 54
36 52
17 30
85 86
41 4
5 61
23 75
15 56
10 79
24 90
29 87
70 90
3 25
41 27
66 86
40 73
77 78
8 76
62 95

20
56 99
5 6
81 31
98 61
72 60
37 41
22 11
81 27
82 47
40 60
78 69
9 14
91 56
16 38
52 86
86 61
68 8
92 43
56 49
62 90

7
51 83
5 91
24 30
12 52
93 36
14 81
91 59

24
29 50
89 38
52 81
42 27
70 20
21 34
76 26
7 83
86 12
17 50
75 16
29 22
67 11
78 10
53 78
28 0
91 34
16 17
96 43
63 10
44 66
45 84
20 72
84 4

8
54 54
81 23
4 28
47 45
23 14
20 25
5 75
66 54

2
9 22
32 71

24
28 38
35 9
81 1
37 39
45 39
14 91
71 27
24 18
85 18
95 99
74 5
59 1
76 41
50 82
14 99
37 75
84 43
96 24
63 17
56 33
77 9
88 71
89 48
19 12

3
66 11
37 31
43 67

5
25 95
95 29
4 91
86 84
9 40

9
72 9
65 68
45 33
73 88
30 45
16 37
0 56
40 83
50 38

10
98 16
97 8
51 93
29 53
93 38
72 38
63 2
20 40
85 48
22 8

10
59 90
47 99
82 60
50 87
70 85
83 66
64 30
33 28
57 17
63 71

25
17 44
36 11
59 37
98 22
57 33
93 88
87 56
91 5
55 74
96 76
11 73
37 78
12 39
48 7
22 35
31 96
7 39
29 68
42 19
52 79
67 99
7 97
54 7
81 98
74 9

7
85 35
24 60
72 76
77 31
53 60
91 73
33 45

11
52 74
53 1
52 56
54 72
79 60
58 60
22 13
95 85
22 57
81 55
80 51

17
40 28
1 70
15 31
43 34
38 41
46 44
49 95
1 19
50 9
19 61
83 15
10 4
79 40
74 18
98 30
58 39
9 90

11
77 21
64 46
84 18
65 61
62 79
32 36
38 23
42 94
77 6
68 99
78 70

13
8 44
83 36
26 66
77 44
21 0
16 23
60 40
57 29
91 91
24 45
83 14
9 18
47 89

10
17 58
96 38
46 13
96 85
11 64
41 41
14 63
80 17
77 54
63 61

20
8 5
71 44
62 44
85 80
40 62
79 95
44 78
76 93
41 29
92 40
34 34
49 56
88 3
32 55
71 1
6 0
45 31
27 78
10 59
21 13

5
53 60
56 81
10 98
39 85
30 2

3
86 36
91 27
82 26

25
53 27
86 76
73 85
12 16
26 32
6 77
90 29
63 11
9 46
84 25
27 0
26 14
52 16
7 53
88 78
57 31
59 93
30 95
11 32
16 95
24 38
19 22
33 14
13 34
59 94

26
39 95
73 63
67 55
14 79
67 97
6 97
56 12
43 2
13 88
5 38
62 3
75 79
65 29
42 9
21 59
6 43
58 12
67 80
59 25
22 81
79 78
90 28
30 87
76 85
23 96
99 33

15
74 64
81 67
61 36
9 93
99 4
14 21
40 31
90 39
13 21
52 20
63 93
24 92
20 48
24 72
71 53

14
46 69
51 81
42 34
43 44
95 98
12 64
4 27
69 3
16 77
82 90
5 9
85 74
94 53
77 57

26
91 81
27 20
71 72
66 13
56 67
15 16
28 20
24 42
11 83
99 53
35 53
58 61
46 9
55 64
41 56
37 54
75 33
57 16
29 98
18 24
40 85
57 33
27 21
4 33
86 38
44 56

24
2 69
67 83
39 66
60 23
12 45
72 45
2 80
61 23
41 78
19 98
55 26
53 92
96 88
27 43
87 4
73 49
84 42
60 41
16 75
21 20
17 29
9 45
68 72
50 23

13
21 21
77 39
92 13
62 17
44 36
75 66
92 45
82 17
78 33
49 57
30 50
20 30
92 76

19
15 96
10 94
16 36
65 49
42 81
43 35
31 30
5 62
54 29
11 23
53 87
88 20
51 3
23 19
11 79
27 67
62 78
14 37
87 30

9
29 63
7 67
50 11
16 21
75 79
90 91
44 14
2 63
14 0

25
45 75
43 84
14 72
10 57
39 81
13 97
78 2
61 32
82 41
57 82
57 14
56 1
97 71
26 19
33 97
73 99
36 30
3 68
77 50
31 65
14 16
70 96
80 92
85 84
66 15

19
76 29
85 95
93 99
25 57
42 42
67 25
13 73
76 87
64 15
47 93
7 32
55 95
76 51
36 39
5 43
72 30
26 81
81 9
18 71

10
61 13
81 35
48 34
62 68
85 64
63 55
14 17
72 10
38 65
1 11

8
31 69
50 5
67 9
80 83
94 85
46 94
27 29
30 32

24
94 94
1 32
50 9
19 15
32 74
86 58
39 33
17 7
57 97
64 26
59 93
87 49
96 53
32 68
98 28
75 79
12 92
53 28
96 14
40 73
83 28
14 78
85 74
71 83

22
35 61
20 88
27 85
33 25
9 95
94 13
88 89
53 38
44 69
65 19
59 17
52 45
11 38
23 26
98 46
8 18
58 85
70 80
6 85
33 3
69 15
56 79

9
9 69
13 78
95 28
88 82
34 41
4 26
1 13
63 51
59 20

25
39 78
16 71
26 97
65 1
32 95
5 21
83 1
15 83
79 11
51 49
36 20
76 29
31 49
12 27
38 3
33 12
83 78
27 1
2 10
5 92
66 34
88 10
94 49
12 55
4 73

16
40 45
21 45
28 41
53 1
39 83
17 66
49 69
49 70
25 11
17 41
7 11
99 79
73 8
21 54
11 98
95 37

5
69 34
63 45
98 70
61 46
15 16

8
86 18
29 80
73 63
74 98
78 33
41 74
80 3
54 14

18
49 3
38 47
92 18
40 1
99 42
59 2
85 15
53 29
10 17
42 16
42 9
39 75
69 16
49 94
48 35
39 92
39 50
68 77

8
61 30
29 26
37 15
52 96
1 66
28 69
63 69
12 89

18
80 80
75 60
47 29
74 23
73 86
15 13
97 94
7 45
75 75
12 22
26 23
25 30
58 47
10 94
6 48
80 1
13 87
68 55

13
42 79
4 99
15 8
57 50
57 12
39 32
44 31
9 63
88 26
84 56
19 82
41 84
65 20

7
72 86
99 48
91 3
8 98
65 51
8 10
20 78

17
3 69
32 36
62 13
69 20
55 98
35 88
61 48
28 52
24 47
46 76
19 28
88 96
62 70
30 98
18 92
13 22
58 22

23
72 87
56 18
73 23
10 97
58 73
1 62
38 57
55 78
97 66
6 51
65 20
50 5
75 9
23 73
83 49
36 69
39 8
31 45
42 13
38 93
55 52
61 40
18 45

18
67 12
18 67
85 39
90 75
3 94
17 15
98 52
89 38
78 6
89 34
28 43
81 34
41 32
93 21
91 87
99 9
28 11
50 69

15
92 97
0 60
29 7
6 52
93 68
98 64
6 79
7 93
26 92
34 91
84 0
43 21
72 45
26 54
5 41

18
97 90
90 51
81 57
63 95
40 1
51 79
37 20
79 44
22 30
64 71
7 22
66 85
9 53
79 72
77 2
93 22
74 27
84 35

9
99 82
23 8
11 30
20 43
74 7
29 50
66 45
53 4
70 3

10
42 12
14 89
11 72
51 59
95 85
92 35
86 77
52 52
63 68
88 47

22
90 22
67 52
56 8
11 72
30 78
20 75
42 19
31 44
95 1
48 68
61 82
20 26
30 65
81 89
77 78
0 3
55 20
28 19
44 63
41 92
67 74
46 14

13
29 58
6 63
11 97
10 40
61 89
72 28
9 2
31 50
2 12
68 51
80 73
17 31
25 24

21
39 43
5 42
71 49
55 20
83 20
31 48
61 73
45 59
20 63
94 47
1 32
52 46
78 74
44 36
61 2
97 88
30 0
1 2
22 53
73 9
57 6

8
18 31
28 67
87 81
27 75
28 20
24 73
3 2
46 60

9
86 21
73 55
57 68
21 27
36 32
90 47
3 45
63 73
1 71

23
28 10
82 23
49 56
58 7
67 52
10 57
43 41
66 65
74 64
85 45
81 58
48 32
88 26
41 21
74 59
21 37
61 2
10 4
11 62
14 21
78 30
23 76
93 73

19
20 37
23 87
21 78
79 7
95 47
89 52
27 6
28 78
91 81
92 32
95 53
20 13
43 77
1 96
90 16
6 95
82 10
40 81
88 3

21
36 3
44 24
51 42
22 22
14 84
76 6
1 19
39 41
84 79
32 88
78 53
59 27
9 40
80 40
80 65
20 52
76 16
11 64
86 79
63 85
92 52

19
45 24
63 33
70 24
56 51
81 23
82 35
97 21
54 74
54 62
82 58
86 23
86 98
84 65
28 71
15 89
13 20
6 61
85 28
32 76

21
13 51
33 81
78 87
93 59
65 92
26 51
89 40
26 24
61 54
34 50
65 2
15 7
13 26
64 95
27 41
92 58
39 93
80 77
36 70
62 25
76 53

16
65 94
72 65
26 71
5 22
88 28
95 64
29 66
30 91
70 70
62 40
32 63
43 91
79 2
64 68
96 33
79 5

15
51 71
49 36
94 26
14 78
25 58
88 32
63 16
39 10
73 3
87 2
46 16
96 89
6 66
15 29
8 11

7
11 34
84 17
11 37
3 14
39 21
9 36
99 8

24
54 47
1 97
13 42
83 99
66 9
90 89
53 33
13 98
62 39
23 30
93 99
3 89
81 15
76 39
90 41
40 48
45 96
90 41
41 59
20 26
15 59
92 11
61 20
60 5

25
35 88
33 23
78 25
58 0
77 69
11 99
39 77
75 7
50 32
73 86
6 76
43 32
24 69
31 64
76 82
70 54
29 11
88 55
56 7
76 46
45 85
62 87
47 36
69 89
75 49

21
34 77
20 27
3 3
86 36
12 85
7 41
22 24
12 63
71 82
10 59
56 56
18 50
97 93
14 60
35 98
75 8
87 21
77 95
32 91
28 63
56 44

13
79 68
33 51
22 61
71 92
0 78
48 73
70 93
59 8
96 20
95 20
7 17
46 91
75 50

12
71 79
67 66
97 92
25 18
40 10
34 69
69 70
18 7
30 15
74 79
75 50
98 46

21
89 54
56 91
53 16
87 35
2 71
21 31
56 20
12 31
17 25
47 34
5 77
7 62
88 84
11 9
7 35
41 7
50 48
16 97
85 3
75 4
87 87

25
44 60
24 79
49 21
68 59
64 26
85 30
19 0
11 46
54 6
47 70
21 54
71 96
81 24
51 27
14 21
81 99
31 10
32 5
16 32
58 0
83 32
32 95
41 54
60 95
66 47

11
87 54
25 7
89 11
15 4
18 10
43 66
97 29
13 0
17 29
39 65
48 49

13
54 82
29 28
27 14
25 95
82 81
58 33
22 46
61 62
81 84
27 79
77 62
75 27
96 58

17
46 50
36 41
95 80
9 16
44 62
87 5
39 77
36 72
46 85
98 98
31 30
9 78
7 45
72 89
85 17
67 65
6 83

6
53 63
25 20
16 15
55 82
73 94
82 27

11
80 74
56 9
39 64
61 66
55 46
16 34
99 92
76 83
39 57
10 91
68 12

3
50 28
74 33
60 24

8
34 35
96 89
53 91
9 36
34 66
0 16
8 50
86 51

11
77 8
71 28
96 89
70 49
82 99
75 44
53 42
29 10
58 42
47 72
81 94

15
97 81
83 66
17 5
42 69
47 78
49 70
66 88
58 50
32 65
92 55
8 26
55 2
13 2
49 27
8 59

16
57 40
24 80
98 63
57 45
92 28
29 27
45 33
43 79
11 11
3 98
58 37
93 58
23 60
9 72
81 82
23 24

15
47 4
54 53
10 92
37 34
63 37
35 22
65 42
53 46
1 64
22 43
88 11
34 35
44 60
93 69
92 20

11
91 77
83 37
0 35
24 18
81 89
24 46
12 24
29 22
76 28
2 24
12 87

14
25 74
43 34
6 18
2 87
78 83
19 92
92 65
90 37
70 81
58 36
48 46
28 80
56 76
79 52

23
68 17
42 22
17 2
9 12
15 4
34 44
63 59
51 99
89 52
75 84
42 26
26 73
1 23
31 55
34 6
23 27
49 54
57 17
29 66
22 18
62 96
55 56
56 78

10
45 82
9 43
37 23
50 83
84 12
44 5
91 42
17 23
25 45
54 34

20
72 16
64 66
74 87
17 20
30 30
28 51
61 73
63 3
53 44
80 75
71 10
53 75
92 95
20 51
5 79
95 15
81 30
69 11
31 56
38 86

14
66 89
50 87
50 22
75 46
79 78
49 38
91 54
46 44
16 42
0 25
72 32
65 30
51 84
67 21

14
81 12
30 78
29 69
71 52
28 27
6 49
99 18
9 60
59 95
12 4
4 84
9 96
61 86
37 45

12
26 64
46 47
77 4
33 67
90 30
10 13
19 40
91 28
89 80
39 86
50 93
97 75

25
83 36
33 60
95 20
46 98
96 94
71 51
36 15
5 53
63 49
21 45
88 91
81 1
92 27
77 74
24 67
56 76
88 59
80 89
39 35
29 78
81 35
2 52
6 70
71 8
5 69

19
94 13
46 45
37 21
50 72
96 57
13 78
18 56
88 54
94 53
34 18
0 81
84 87
45 70
93 92
49 66
79 86
31 43
16 25
50 21

21
46 78
43 97
16 54
94 97
91 21
8 13
13 25
9 47
92 35
28 53
54 58
90 66
50 98
66 67
17 71
1 85
35 16
70 44
41 3
24 17
30 85

11
95 62
23 31
23 30
10 28
82 34
24 77
27 32
99 91
61 50
51 36
71 77

22
74 99
16 88
25 51
35 46
41 87
10 67
42 23
34 38
73 76
52 63
42 5
4 96
57 92
43 41
64 86
37 90
30 91
94 54
52 56
95 29
48 46
21 58

20
7 48
21 71
24 70
12 27
83 20
29 56
99 24
41 67
4 41
72 32
26 10
15 80
75 7
8 61
34 33
82 51
22 42
12 55
82 98
70 77

18
99 33
85 42
83 66
23 26
50 67
93 33
48 82
58 53
61 61
96 43
77 64
38 90
54 33
67 37
7 31
17 85
28 7
25 2

15
0 80
83 83
28 34
34 65
75 81
94 48
44 71
48 58
97 86
40 33
53 34
93 72
41 38
18 52
78 43

11
30 75
58 17
45 64
51 24
51 79
73 99
95 22
23 84
81 81
21 8
61 67

22
52 60
13 86
81 70
4 43
73 57
15 73
71 90
41 91
95 50
23 92
87 17
92 7
40 68
41 1
14 7
20 39
25 66
89 85
80 59
16 45
19 53
95 83

19
88 27
22 92
67 80
67 39
32 27
67 87
29 85
51 27
99 20
97 18
59 84
64 56
24 4
75 69
65 8
35 17
61 5
86 57
48 29

7
32 56
75 93
74 69
21 54
53 94
91 91
50 37

2
6 53
23 24

11
40 32
19 3
65 45
83 28
77 46
54 89
82 61
31 29
84 8
54 52
43 37

22
45 27
32 97
22 51
85 55
47 54
74 41
6 45
28 54
31 4
58 69
51 93
76 87
23 11
65 28
23 13
40 63
60 68
71 72
80 82
89 57
98 79
24 15

8
5 69
1 12
70 74
78 46
74 9
33 89
55 54
77 98

22
97 90
14 30
65 68
77 94
26 54
69 27
35 50
7 38
91 47
17 82
60 89
63 27
12 1
8 17
46 10
52 78
61 95
64 66
13 26
80 93
21 39
41 49

10
49 39
83 56
25 83
95 72
88 4
16 96
5 57
4 78
82 35
96 99

26
22 15
9 62
53 54
55 82
90 94
95 47
30 98
24 78
25 2
42 28
97 22
79 0
56 75
58 66
15 7
75 59
21 89
44 36
18 74
20 99
46 60
59 68
98 28
83 83
63 24
46 25

12
77 25
33 88
98 43
58 41
16 57
30 48
44 52
22 56
76 95
94 34
93 96
95 22

5
19 5
31 92
4 17
46 8
42 92

18
35 90
47 0
0 3
7 77
85 96
91 81
15 14
10 85
8 61
41 5
24 13
96 85
90 93
39 57
51 82
25 81
33 86
41 24

12
0 54
39 81
24 81
48 53
64 10
70 61
3 69
46 35
32 40
30 91
83 41
92 65

16
78 42
66 49
86 71
71 20
60 19
43 4
52 65
29 5
75 14
69 51
49 63
95 9
92 40
23 36
80 9
51 39

12
17 40
26 81
4 90
50 45
89 8
12 67
97 94
22 26
47 48
97 85
32 57
49 89

22
10 65
4 0
10 61
30 45
71 43
47 20
22 69
58 7
19 90
87 4
26 98
45 87
36 63
95 2
3 77
42 67
19 13
26 47
44 29
24 57
77 67
36 71

4
46 78
98 42
81 51
29 48

22
45 93
96 56
33 92
60 51
17 28
27 79
61 43
0 71
90 85
9 30
82 27
25 87
37 24
57 76
58 85
79 77
33 3
95 27
30 18
46 55
87 47
91 25

2
43 96
39 85

25
66 94
34 55
31 43
20 23
61 88
65 30
33 92
71 50
21 80
88 1
1 19
45 75
75 44
87 41
32 12
7 13
20 50
94 93
16 52
92 14
44 77
69 10
12 29
9 40
94 33

24
95 53
98 24
99 39
78 91
24 12
71 91
64 74
68 16
32 68
60 34
30 62
83 22
35 11
21 76
22 68
73 70
95 17
8 23
67 46
10 38
82 43
69 81
49 46
14 90

9
26 24
7 96
31 49
84 18
91 7
29 4
30 62
57 98
58 5

5
97 72
15 66
47 79
25 85
75 49

16
51 83
79 65
66 58
29 10
70 2
59 20
34 51
50 41
46 91
47 60
57 19
86 13
12 36
13 71
98 61
44 52

4
75 70
88 12
41 38
8 91

16
11 50
91 48
92 13
74 89
8 39
4 31
20 95
18 68
82 33
38 69
71 78
6 8
48 83
25 44
4 39
41 39

17
84 39
31 81
55 74
34 22
78 38
10 81
0 47
81 44
82 69
92 11
17 42
90 75
52 61
17 82
23 43
83 33
66 60

16
21 86
20 37
15 11
22 2
54 14
47 18
0 75
67 59
76 94
84 94
47 38
55 18
94 90
73 40
58 54
92 88

8
12 77
44 43
17 66
72 11
58 35
35 47
66 17
94 81

13
84 17
36 8
98 91
84 30
36 24
64 42
74 28
92 41
37 69
86 59
83 48
59 21
8 31

3
89 49
10 22
58 6

20
2 94
24 69
93 38
80 60
40 57
50 6
75 33
44 39
40 13
34 27
10 99
27 94
35 60
70 2
60 42
88 41
62 14
52 13
25 55
64 85

18
66 91
19 51
95 57
97 32
19 74
85 48
76 65
1 97
19 78
90 95
83 60
22 57
9 96
74 29
45 94
38 92
43 63
21 57

15
70 41
60 64
49 19
47 26
79 46
66 77
19 74
57 78
53 76
38 6
80 34
32 32
22 72
67 95
68 79

7
91 73
33 21
71 10
9 11
90 69
87 86
5 16

20
82 74
32 71
57 20
4 64
36 89
37 79
58 3
60 57
48 83
69 81
4 10
19 80
23 26
65 5
63 39
65 83
6 97
69 97
61 16
5 73

26
94 52
63 4
16 52
52 98
67 50
54 63
34 48
23 32
98 92
55 14
80 33
92 4
73 29
91 8
65 98
3 92
97 60
12 66
64 13
15 16
79 32
32 22
54 66
58 7
21 4
38 65

3
82 69
42 31
74 90

17
66 55
15 43
61 15
81 79
96 78
62 96
18 27
45 46
53 73
29 3
20 26
28 19
1 89
83 11
37 91
99 76
71 55

16
33 71
4 46
94 63
77 0
19 73
19 23
28 44
73 22
95 54
34 45
46 84
20 97
34 90
89 96
67 90
13 3

4
17 1
95 15
92 69
88 69

19
84 88
62 95
50 10
55 57
94 84
34 53
43 14
62 68
10 32
88 29
82 75
92 89
37 49
94 14
2 6
46 61
57 39
49 60
18 59

8
64 95
29 9
53 30
92 50
60 85
25 21
55 36
80 15

7
94 52
10 51
12 49
88 56
68 69
80 89
97 86

3
6 2
32 57
7 59

26
68 97
22 98
5 56
88 89
93 62
13 35
36 3
11 26
47 76
65 80
18 28
56 62
20 21
5 13
21 32
29 82
32 41
97 3
45 37
0 37
24 38
42 65
91 60
36 5
37 91
19 53

8
27 15
88 29
34 40
61 20
1 68
0 54
3 4
49 38

18
40 90
55 65
26 34
39 99
90 14
68 77
85 61
88 35
23 14
0 80
94 43
44 69
21 48
52 1
2 11
1 45
62 42
76 9

15
68 8
50 55
23 97
82 11
51 58
82 48
48 31
25 77
74 69
91 74
78 75
77 2
56 23
85 72
0 65

3
20 25
75 81
4 17

15
14 99
99 89
20 48
26 0
69 98
72 0
27 12
67 2
25 56
28 75
92 62
88 81
1 17
44 21
77 19

9
92 70
70 71
43 40
66 70
91 41
65 18
45 56
75 67
44 2

2
59 82
63 42

26
65 11
55 21
98 36
6 37
60 42
83 28
50 55
97 1
72 94
50 14
34 17
71 77
27 30
89 54
69 21
84 89
62 34
70 39
28 12
55 29
57 88
95 90
43 8
54 92
59 15
85 4

20
8 81
60 23
13 62
84 33
17 54
16 18
41 8
36 28
35 22
31 76
71 25
69 91
45 16
75 36
73 1
34 20
43 82
96 94
79 8
14 80

25
30 51
44 56
44 11
98 66
97 72
96 24
45 41
86 12
39 33
7 88
22 59
54 89
85 69
0 63
29 18
69 49
57 12
23 13
79 54
26 21
97 28
21 74
38 94
28 8
48 77

14
70 88
43 28
13 91
92 58
87 83
52 93
50 99
74 65
96 4
83 48
45 77
98 57
96 92
20 58

2
59 6
29 14

14
20 9
67 0
84 64
57 6
6 88
54 60
64 32
80 2
79 99
9 78
70 30
88 57
82 42
1 95

25
88 24
96 57
76 40
76 61
18 83
41 65
71 78
95 73
6 73
5 46
55 84
6 35
75 12
47 48
49 22
98 95
5 89
29 95
8 81
64 6
23 78
57 57
83 94
19 4
50 89

26
58 73
79 11
39 22
69 79
28 61
12 65
70 69
98 7
67 3
20 56
79 45
54 77
60 25
45 58
61 49
74 21
85 19
93 5
84 24
37 63
28 64
33 49
8 50
53 32
40 75
21 73

22
75 3
63 97
42 86
47 65
91 16
1 18
11 97
81 77
66 26
6 98
31 68
76 56
62 15
56 4
25 87
90 28
25 52
90 6
23 20
36 37
7 14
63 89

23
45 18
84 49
56 43
26 52
81 12
26 42
98 85
62 14
4 26
51 66
57 62
85 71
59 46
54 52
15 0
18 77
26 12
55 55
59 34
47 34
76 40
77 73
39 26

16
96 52
55 6
15 58
96 79
90 61
67 48
63 91
9 44
23 76
83 64
24 57
56 17
45 16
46 82
21 71
23 85

21
31 43
58 28
24 62
52 72
39 72
87 43
53 36
11 63
99 69
45 68
77 16
62 14
60 11
84 33
9 97
93 54
82 92
54 3
75 58
82 6
50 15

21
55 51
62 85
84 76
22 82
11 0
14 88
48 22
7 0
61 97
90 61
95 53
7 94
21 53
87 13
15 36
39 56
93 22
99 1
36 77
30 73
61 47

21
61 22
29 96
57 58
49 42
37 10
17 95
16 42
29 83
50 5
44 37
31 73
72 98
34 60
90 45
58 33
55 87
83 71
29 36
30 41
51 30
25 67

23
94 61
42 4
6 99
95 80
63 79
51 93
79 23
14 48
58 65
20 53
36 29
11 9
39 77
81 41
19 59
72 2
58 13
64 15
47 64
96 11
5 62
85 47
48 36

3
58 1
74 4
41 88

10
70 99
92 74
85 3
5 11
76 58
73 15
32 92
4 72
34 28
27 61

23
27 97
99 75
79 38
78 73
8 72
95 77
21 82
68 98
56 33
61 26
51 23
7 54
10 75
9 87
67 71
68 32
7 46
84 67
92 39
63 62
91 0
83 10
61 13

5
17 98
59 81
84 92
0 65
27 59

16
98 20
52 6
53 19
86 12
3 37
0 31
31 66
29 43
56 66
21 90
59 54
66 2
86 51
3 83
11 97
17 43

13
22 49
2 80
19 86
89 92
44 50
33 7
36 87
96 0
73 78
37 50
68 76
14 89
92 4

14
35 15
76 81
55 37
39 9
28 93
82 83
27 30
63 42
30 67
63 15
89 9
46 65
86 65
31 87

17
95 32
67 5
33 29
84 4
96 42
22 78
12 31
11 52
16 54
37 78
93 31
72 46
44 10
96 37
21 84
16 86
43 16

12
29 45
82 92
40 23
46 12
24 71
34 50
18 31
68 64
57 2
74 66
62 68
16 64

25
55 85
1 14
2 98
79 99
81 94
86 3
1 93
69 57
44 3
22 0
20 8
66 24
50 38
53 86
54 14
99 51
66 9
60 1
52 20
14 91
94 33
78 0
9 47
51 47
0 53

2
72 62
80 1

13
18 51
66 64
15 72
34 65
18 33
53 46
37 70
55 19
71 84
31 85
33 33
86 34
11 85

2
12 57
20 32

16
84 2
75 82
47 52
85 61
7 18
40 91
62 44
28 96
81 86
19 12
98 66
3 57
10 10
74 61
81 42
45 90

20
72 72
72 70
7 33
92 90
30 50
13 88
69 78
12 51
70 81
31 30
34 27
37 93
20 47
80 32
77 10
35 98
20 1
86 7
49 80
30 78

8
95 66
35 62
74 46
68 68
52 4
90 96
85 45
65 89

19
28 70
20 46
47 63
22 93
73 33
63 71
54 55
51 30
17 16
42 49
18 38
90 99
89 66
51 87
53 79
1 69
67 81
96 21
14 15

20
87 48
64 89
95 95
46 94
63 12
6 47
65 1
43 5
47 31
35 31
36 78
79 56
23 17
65 52
67 38
39 83
24 6
1 3
49 19
83 99

14
90 47
64 66
61 47
94 48
83 92
28 72
3 39
62 97
62 56
75 53
92 45
21 81
35 47
96 41

13
60 76
66 85
2 78
40 14
60 50
33 32
13 33
36 24
38 10
25 92
67 91
35 22
44 1

9
37 88
26 78
91 13
80 12
14 69
9 46
6 16
49 94
7 91

2
69 80
72 63

21
92 55
90 69
13 45
85 73
3 50
15 11
75 46
16 47
93 89
5 77
71 52
95 6
83 78
0 75
0 47
54 46
15 44
89 96
21 80
82 26
37 25

25
65 23
39 45
91 6
64 17
40 95
90 70
6 71
71 66
18 53
59 17
85 62
3 55
77 65
48 29
18 54
77 46
43 83
90 69
86 86
81 54
76 78
49 24
42 82
87 72
90 60

23
27 22
77 2
79 92
40 6
24 85
62 38
34 60
50 31
69 20
54 56
32 48
49 78
20 67
54 22
64 32
6 1
55 91
83 83
89 86
71 76
66 65
77 85
17 52

6
38 73
79 35
20 38
88 57
29 87
93 10

13
46 26
17 19
2 1
39 52
80 43
60 10
96 99
51 38
17 65
3 76
55 5
25 42
82 64

16
44 45
6 9
56 70
39 77
79 9
49 43
24 22
35 11
59 75
26 73
42 76
80 55
10 47
24 74
56 27
72 88

2
31 98
6 22

10
15 61
4 88
62 16
80 80
7 97
22 39
16 86
41 65
12 48
22 3

14
30 30
55 77
27 30
4 86
94 33
1 65
21 34
49 17
49 54
61 46
69 89
57 47
88 86
98 57

21
87 31
61 26
81 17
44 43
47 67
14 30
31 64
85 0
49 0
50 39
1 48
69 91
48 48
89 55
5 57
88 85
11 93
10 49
44 93
12 6
36 91

5
19 55
92 79
80 20
70 32
85 28

15
85 97
4 61
70 26
11 10
55 58
59 23
16 17
23 3
46 28
7 12
31 53
45 38
18 3
25 29
14 99

15
52 48
53 51
21 78
90 63
18 79
38 13
81 35
10 93
39 61
20 22
6 44
90 58
29 9
87 71
38 28

2
90 76
29 77

20
44 98
30 58
23 62
49 20
14 4
66 12
86 5
50 86
45 92
54 92
63 26
54 41
18 1
91 30
12 95
46 12
70 56
71 76
48 46
50 72

14
16 84
71 20
70 55
0 15
21 14
77 26
32 62
33 31
74 62
74 28
26 38
61 83
54 54
3 7

3
17 57
26 11
34 37

8
49 7
73 33
11 23
37 3
34 43
57 70
99 60
99 84

4
60 67
21 32
35 19
76 99

6
2 62
96 42
1 35
68 98
21 75
78 79

10
12 74
32 81
80 24
75 16
35 9
41 87
6 8
7 28
33 35
89 22

2
25 18
68 76

20
41 3
81 25
99 0
81 93
70 83
51 13
74 97
85 86
46 16
96 43
78 6
28 81
8 68
45 46
67 37
40 90
67 8
60 22
67 19
2 93

14
6 58
33 35
72 44
91 1
97 15
46 97
25 79
87 66
11 23
42 24
65 1
69 51
11 39
6 88

9
44 42
48 15
48 31
55 93
36 49
47 70
68 33
10 78
17 34

12
94 45
99 28
31 11
50 20
8 42
51 56
52 2
3 67
15 35
90 96
32 65
64 13

19
94 81
16 79
64 11
57 13
12 44
75 68
70 32
92 70
21 27
31 47
50 88
4 19
9 98
82 21
37 74
8 99
30 31
94 76
89 94

4
54 39
66 72
43 38
83 36

24
30 58
98 53
72 32
30 2
75 34
8 12
63 12
95 68
44 93
39 90
94 86
40 30
97 66
9 30
13 33
43 31
37 95
27 42
96 61
95 9
73 72
36 56
24 88
33 84

21
73 74
20 7
47 3
0 86
48 77
43 86
29 31
68 90
70 71
68 30
77 79
5 92
80 33
10 93
79 64
90 31
38 52
7 10
97 85
14 60
46 97

11
27 28
97 0
70 51
19 79
56 49
6 63
43 90
0 52
31 8
98 31
69 83

11
6 42
2 58
55 20
30 0
28 83
32 82
52 31
50 11
68 53
60 65
8 10

14
16 10
93 43
78 67
28 14
20 20
75 86
93 92
74 75
55 28
61 56
8 86
88 24
44 62
74 53

6
86 14
30 16
61 81
59 49
77 75
47 31

17
40 6
34 60
89 66
23 41
28 2
78 83
97 68
22 23
29 71
9 88
18 46
59 42
1 20
49 35
34 85
43 65
25 26

6
66 93
16 71
51 68
47 51
49 19
93 70

24
81 51
49 82
24 52
24 9
96 78
15 73
38 30
57 58
88 16
82 50
18 11
62 3
50 21
70 81
27 72
23 95
29 8
12 73
82 53
83 36
10 30
60 98
9 0
68 69

26
51 71
41 60
22 54
56 63
85 55
34 28
51 80
9 95
7 76
10 15
50 96
6 40
53 49
10 58
27 22
46 11
71 78
84 87
2 45
52 40
68 88
20 87
82 71
0 82
97 89
85 10

24
43 51
56 48
10 2
81 30
76 21
92 11
95 16
18 89
42 87
7 58
79 29
11 30
30 61
10 52
38 41
44 9
58 33
87 0
30 68
42 68
79 59
75 34
24 26
13 45

18
72 4
35 47
58 3
33 48
58 10
0 26
70 67
77 86
73 70
53 98
40 42
73 12
87 26
2 52
17 84
88 20
67 90
93 23

4
78 23
81 88
40 5
75 1

3
98 30
80 0
94 51

24
19 15
54 99
1 71
41 38
27 74
41 31
76 2
26 19
59 54
11 59
12 99
78 87
37 95
75 30
76 40
55 48
99 47
71 9
99 52
26 12
43 26
81 68
39 71
25 59

2
37 70
35 49

3
30 79
9 65
5 57

14
60 57
8 85
56 21
20 61
39 68
63 99
32 59
98 34
59 43
13 48
50 48
76 0
82 81
91 41

19
80 98
10 1
10 65
21 31
4 23
62 41
4 3
87 22
20 38
50 30
95 21
23 50
27 96
30 4
47 20
19 22
24 28
45 29
13 86

19
17 9
71 8
65 72
59 93
66 3
5 41
36 39
62 56
35 84
15 18
66 55
26 89
65 46
91 8
73 51
12 10
19 90
14 84
29 84

25
47 39
45 66
2 38
52 1
88 39
6 71
89 43
22 95
13 87
78 82
55 16
29 89
60 97
11 65
94 96
35 36
2 94
84 32
85 56
95 37
60 73
69 1
49 1
88 43
25 62

18
80 78
59 7
67 29
40 24
71 15
3 28
30 17
1 35
73 86
34 90
50 46
15 35
36 3
91 58
35 98
29 10
17 67
96 88

14
88 65
36 52
55 16
98 53
6 43
16 85
71 97
99 14
30 58
95 3
94 40
28 45
74 56
74 95

17
11 92
80 80
68 15
23 49
47 73
31 18
34 84
55 28
80 48
30 14
9 83
29 23
51 54
81 86
12 46
90 48
80 75

25
0 90
65 72
71 73
4 83
69 56
63 85
65 70
0 29
38 0
29 75
26 45
78 67
79 25
15 26
58 54
97 90
14 58
31 14
98 86
94 87
72 67
89 57
87 89
89 90
17 77

21
44 74
4 86
18 21
88 30
40 24
73 79
93 98
81 88
86 31
25 69
93 5
95 35
22 83
72 37
54 51
78 91
30 50
71 82
65 0
24 60
39 5

25
84 4
85 86
24 68
93 6
0 81
28 28
2 35
7 65
72 6
84 51
33 22
46 18
83 33
57 6
97 89
45 7
45 33
1 82
41 69
3 47
27 93
28 31
97 82
88 35
86 21

26
19 95
41 42
26 4
14 99
48 67
64 21
19 34
35 98
39 40
43 34
62 32
60 75
24 44
84 48
86 45
40 8
2 58
62 34
33 80
47 28
50 34
68 63
62 21
61 55
90 53
38 5

6
50 80
56 0
84 98
37 1
93 44
98 95

6
79 9
38 65
99 78
42 40
61 19
74 56

24
16 61
99 79
11 20
72 50
0 67
20 8
4 37
32 66
45 3
82 42
32 10
9 12
54 72
33 28
55 62
24 7
87 71
44 23
25 98
18 68
77 26
15 38
4 81
36 0

2
70 94
26 12

10
98 22
2 89
52 31
90 57
81 28
3 77
28 77
45 29
7 98
88 74

24
93 8
44 22
16 95
59 15
98 94
92 81
36 87
91 75
66 45
26 19
23 95
75 55
1 4
11 73
62 27
35 85
60 7
54 80
47 28
23 13
47 97
84 15
91 83
80 28

11
7 99
74 56
32 14
67 78
41 57
71 95
30 79
39 30
36 62
9 67
90 50

8
58 49
84 43
23 1
10 64
23 22
49 18
50 38
5 79

12
0 21
52 31
62 83
97 91
10 98
0 59
17 53
11 1
85 60
35 12
74 50
73 10

19
63 59
38 95
7 69
21 11
63 38
52 56
54 6
17 3
55 13
30 22
85 57
42 43
78 97
23 44
70 88
99 67
14 33
2 38
49 21

3
65 12
64 32
38 71

21
51 40
62 75
32 34
29 47
96 26
71 59
0 71
39 41
74 99
37 5
27 29
5 39
4 39
55 89
28 75
68 75
50 31
65 30
30 34
60 46
6 78

10
6 50
41 24
51 5
95 46
25 32
89 34
90 64
72 78
6 65
85 47

15
68 49
35 55
2 98
28 95
31 60
66 78
71 7
10 71
18 70
95 42
31 4
94 12
84 10
68 12
97 31

10
65 32
67 66
68 15
44 14
45 28
46 74
46 53
63 69
88 16
63 58

19
75 89
51 87
99 59
42 20
30 48
14 74
93 96
16 29
25 8
53 96
42 0
98 58
74 64
52 66
29 32
73 96
35 5
16 25
97 86

11
27 35
49 85
79 76
92 30
56 87
92 89
83 8
6 3
77 47
51 72
53 61

25
10 34
11 35
22 27
38 8
88 57
58 75
54 64
8 88
96 93
38 97
33 4
10 41
70 32
84 34
88 83
69 84
19 50
77 81
41 41
50 67
95 81
97 8
49 1
95 6
55 97

12
88 2
64 78
48 21
57 99
39 83
52 41
60 89
19 85
27 54
56 38
33 60
58 17

12
64 66
63 82
67 19
8 17
82 97
97 81
38 33
72 80
84 79
91 13
32 70
49 97

25
9 54
71 56
43 67
83 89
4 25
44 3
63 74
56 93
90 96
34 89
13 70
55 65
8 26
11 77
26 6
12 34
42 87
55 35
76 86
63 90
93 80
54 60
53 8
4 62
3 96

15
68 18
25 55
64 47
58 2
28 22
86 44
38 16
23 21
97 76
92 13
59 29
36 4
9 67
24 50
54 5

14
74 24
49 70
86 21
31 4
84 60
46 27
66 52
27 19
68 94
38 93
52 49
85 42
52 71
95 88

9
10 42
68 33
35 80
18 90
21 91
75 78
24 49
67 28
7 95

15
0 63
12 52
94 52
24 50
38 98
8 71
81 32
0 41
28 13
31 90
64 19
47 9
85 65
84 27
34 80

26
35 95
8 1
48 39
15 10
48 46
54 87
68 80
32 48
28 34
65 75
91 0
47 75
12 56
92 74
60 45
40 41
43 95
87 48
10 43
89 2
89 58
90 96
96 10
44 75
50 24
24 61

18
71 88
1 49
93 97
58 46
38 34
29 5
92 39
49 72
14 95
36 8
50 10
6 98
94 25
27 82
7 56
96 68
69 30
80 97

14
38 95
34 49
78 43
36 73
22 3
69 83
19 82
33 79
37 70
64 10
38 71
30 72
69 58
80 61

20
94 41
31 14
0 43
74 74
62 73
47 29
98 97
69 82
67 29
18 39
3 77
67 89
20 28
97 78
58 33
74 15
29 52
48 57
83 81
54 22

23
54 51
1 95
64 36
55 30
48 3
59 32
52 89
9 87
84 30
88 42
68 51
33 92
40 77
61 14
21 14
17 59
54 75
63 18
0 19
22 18
2 0
90 33
20 54

3
56 36
76 46
14 8

21
44 41
7 61
28 5
64 28
55 45
16 18
37 70
88 16
17 12
97 43
49 59
10 18
26 86
14 56
23 34
27 35
49 67
72 35
15 77
74 36
6 71

17
96 41
82 59
28 60
57 77
26 87
97 27
54 64
31 6
29 88
68 66
15 48
20 55
70 44
19 8
14 41
35 61
20 62

19
48 22
80 94
72 87
37 7
13 89
20 43
24 54
22 86
54 72
44 77
47 98
17 52
18 41
76 79
51 33
55 45
39 0
39 87
47 63

3
60 52
72 71
95 14

13
67 88
17 65
63 11
15 17
58 33
12 86
19 86
31 63
15 26
14 22
85 55
83 13
73 90

7
40 62
25 50
70 80
98 90
6 33
49 15
25 39

14
63 51
66 58
84 94
16 82
89 98
63 53
43 24
79 37
29 58
83 30
52 9
59 26
32 85
86 74

23
73 51
14 74
92 31
16 60
76 26
15 66
30 82
25 40
71 19
0 83
19 53
5 9
69 45
77 91
77 95
99 0
74 3
34 13
26 66
93 2
21 2
36 60
52 3

14
24 74
74 97
16 77
35 35
56 61
90 26
55 4
3 90
16 58
45 68
94 83
28 99
72 49
85 40

2
47 93
69 49

24
98 75
11 13
27 33
59 19
23 69
60 67
25 26
95 76
11 22
74 89
90 91
32 46
22 76
75 77
46 23
51 72
38 44
78 62
81 17
86 89
56 5
83 46
75 34
56 78

15
82 20
62 30
62 29
3 38
66 39
37 26
77 38
28 81
11 91
25 45
84 1
9 82
17 82
57 43
52 48

23
34 20
82 26
40 63
66 21
87 31
68 45
74 77
6 1
13 18
95 3
87 66
75 77
94 70
79 19
23 42
62 27
53 57
73 97
70 45
76 39
36 57
86 96
98 11

21
63 81
76 0
39 29
56 53
99 61
41 27
50 94
8 68
74 8
33 5
75 19
48 24
61 84
71 96
46 24
5 67
67 9
90 81
34 7
68 47
26 85

13
77 31
40 30
56 37
70 45
73 27
27 94
55 57
80 24
70 31
36 0
67 32
22 17
3 26

23
89 47
8 48
77 20
12 90
46 14
84 10
83 26
53 30
38 92
25 77
48 69
6 25
44 80
54 23
79 23
70 76
76 20
92 30
21 53
67 5
15 19
45 3
33 50

26
71 42
19 28
76 41
99 96
93 8
15 74
53 16
38 43
19 73
66 68
41 24
43 23
38 61
58 46
31 40
34 9
38 55
48 54
50 66
75 47
21 43
11 42
85 27
0 49
70 56
80 18

15
23 41
79 24
35 21
4 19
54 44
82 59
7 60
62 49
76 6
80 6
69 70
55 7
7 19
41 11
43 26

6
66 19
99 81
16 39
43 70
76 12
95 55

15
96 14
21 51
9 24
94 53
60 78
49 1
12 19
97 90
95 55
73 17
68 28
44 64
7 90
19 8
55 62

9
51 77
50 58
67 27
73 3
15 46
47 74
86 86
84 38
85 93

5
13 18
34 73
63 9
17 42
56 82

2
85 90
0 28

14
20 56
29 42
57 66
65 4
42 96
80 3
40 88
58 85
58 53
14 93
87 21
56 84
9 95
33 98

14
20 98
18 45
27 15
72 36
2 83
77 68
0 57
98 65
76 37
95 3
18 21
8 69
25 54
15 55

25
4 88
61 73
44 50
77 76
0 80
34 12
89 21
73 92
42 7
83 11
6 45
15 4
64 27
52 21
36 19
60 27
53 41
91 21
97 97
29 20
32 49
70 64
8 21
80 44
7 50

15
13 47
15 19
83 93
45 36
73 3
63 25
78 14
57 36
85 75
56 29
61 34
57 20
80 34
15 1
60 82

7
25 30
45 50
33 18
64 81
6 88
3 41
19 20

18
46 29
58 76
11 2
75 71
58 68
21 7
90 25
55 81
58 72
17 5
91 77
93 50
9 31
87 34
5 29
11 78
55 51
5 69

20
80 41
51 86
59 40
30 76
31 92
50 2
71 89
32 27
20 73
82 63
2 6
11 64
75 81
88 14
20 96
89 6
44 52
92 40
16 3
47 22

25
97 76
99 89
21 77
49 73
55 36
39 56
19 71
46 72
12 34
54 95
84 18
14 6
51 25
41 69
16 25
2 41
82 65
42 1
26 3
92 44
52 34
5 83
7 71
5 4
99 19

11
83 89
3 18
21 60
54 72
88 46
0 95
30 5
48 2
80 33
77 44
96 14

14
67 72
76 19
38 73
84 27
10 27
30 54
75 23
77 54
94 22
22 72
2 0
0 76
9 88
17 44

25
30 40
7 47
23 49
40 32
17 50
13 19
2 23
99 36
13 56
51 73
47 37
92 51
51 76
85 32
49 47
87 60
8 79
81 94
79 31
34 21
40 96
19 99
35 42
51 70
43 0

4
91 37
81 5
8 19
4 13

7
64 63
94 94
88 24
8 27
0 19
15 42
93 41

14
80 35
38 9
53 80
69 92
97 96
15 51
64 57
64 71
87 79
26 58
99 12
72 53
54 18
34 66

24
73 59
39 34
73 82
87 19
88 65
15 83
50 91
8 72
37 73
61 39
17 47
46 25
97 71
77 65
51 63
74 76
62 24
58 13
84 35
53 46
81 24
16 20
92 84
57 76

8
70 15
33 29
75 47
44 56
85 40
43 59
33 61
75 67

25
11 26
24 82
7 16
36 5
89 75
51 80
14 99
69 66
51 43
70 17
13 7
44 63
6 73
58 57
33 26
4 57
91 96
12 28
33 98
73 0
80 75
74 24
43 94
89 95
12 46

14
26 6
50 27
33 51
61 8
41 59
15 70
62 37
1 43
77 60
86 1
33 4
78 10
5 80
21 73

4
33 38
16 58
60 60
46 67

20
57 80
51 9
98 73
16 13
73 51
52 45
49 11
74 38
70 79
53 79
83 91
77 43
59 93
54 89
35 78
58 22
84 45
18 9
22 34
86 86

25
90 84
85 59
85 28
98 65
70 65
0 42
19 13
72 94
48 8
96 50
8 22
58 41
11 70
44 93
31 49
33 44
56 21
2 19
36 41
6 52
94 6
19 59
53 13
74 91
93 53

22
1 27
86 63
26 23
68 31
62 27
61 12
20 35
37 32
68 62
20 90
84 26
45 79
84 50
76 88
81 37
17 98
13 34
58 3
86 39
66 78
42 0
35 79

15
73 63
83 25
97 15
51 9
6 77
61 53
29 94
27 51
20 27
40 14
24 23
61 31
50 2
96 61
96 29

11
21 45
28 36
86 36
88 90
96 63
76 41
23 43
22 79
99 50
43 36
12 74

3
66 87
48 76
58 63

22
3 74
63 18
55 83
73 49
64 43
36 22
17 40
72 59
62 39
28 23
98 57
83 92
59 85
86 12
70 22
48 83
1 25
60 11
12 56
51 34
8 76
69 40

4
41 51
13 16
96 16
66 22

16
4 6
70 48
22 90
73 92
17 22
86 26
35 29
63 98
75 86
78 23
0 96
89 30
95 69
17 5
72 18
24 6

3
46 6
80 18
91 38

5
17 7
36 41
39 4
91 52
75 66

23
28 62
3 51
47 97
66 9
33 65
41 73
31 9
27 87
77 64
19 70
39 84
20 60
99 44
87 72
0 18
32 8
12 28
77 36
45 11
28 43
68 78
39 69
8 52

20
85 16
87 40
79 69
41 47
98 75
62 14
14 16
1 23
87 94
71 37
34 98
26 66
35 64
55 47
7 39
7 73
13 92
13 94
41 44
20 54

18
82 20
86 60
61 57
44 80
3 98
84 94
20 70
57 48
55 19
26 96
3 28
93 70
83 49
90 37
57 90
10 81
93 92
1 49

6
46 29
33 4
88 40
13 55
12 88
43 32

12
23 59
29 15
64 16
54 65
7 6
39 63
55 17
66 33
87 9
55 48
33 92
32 47

15
73 60
45 0
12 68
92 56
85 27
91 60
14 2
9 49
88 30
37 79
97 21
61 46
1 45
78 53
37 1

18
10 13
58 18
30 79
23 14
52 57
0 83
50 54
64 1
90 80
17 43
40 63
24 64
17 38
68 29
67 18
32 35
5 29
60 42

13
83 57
9 45
98 19
69 15
79 99
41 1
18 74
67 5
29 34
4 57
25 59
78 74
6 12

9
1 18
6 20
55 58
19 3
1 74
95 34
66 53
46 96
67 92

3
53 11
68 33
92 57

21
22 32
90 58
76 29
1 91
1 82
38 57
31 72
59 39
44 27
75 25
69 91
94 42
96 81
49 27
71 53
37 95
54 93
75 28
71 82
17 76
33 73

7
17 45
4 46
91 96
71 81
3 34
80 66
14 84

10
19 85
33 31
77 57
85 39
21 4
32 8
81 38
45 18
87 79
35 92

10
17 35
21 6
72 20
56 1
61 86
6 93
26 93
22 63
0 65
87 78

10
77 10
28 42
21 23
67 15
50 56
25 2
23 57
29 97
5 24
86 68

26
31 74
89 25
43 5
83 41
1 30
59 93
74 43
16 34
1 41
92 73
50 55
78 1
30 48
5 55
93 98
24 4
30 76
81 65
6 73
55 16
9 8
3 66
1 35
77 20
45 54
10 21

22
40 22
4 95
1 47
92 55
31 57
87 68
1 97
3 12
19 17
79 63
67 86
39 14
43 87
84 93
55 16
90 31
79 48
95 47
2 32
89 88
8 33
82 29

14
86 41
13 31
10 1
68 99
90 77
72 7
91 83
91 89
31 75
54 39
86 78
32 86
75 26
87 66

6
49 0
86 98
11 80
43 40
8 10
0 20

20
35 44
85 11
86 78
17 17
95 40
26 56
82 80
46 2
58 69
18 46
85 56
67 51
46 25
85 29
81 66
62 53
65 17
47 48
17 51
44 65

16
70 21
55 44
42 24
83 25
95 41
26 91
59 98
44 3
40 88
70 62
25 94
11 39
86 25
42 14
58 3
76 6

8
32 3
45 5
40 9
4 86
64 32
91 55
99 67
8 31

14
54 53
44 87
12 17
31 83
38 6
64 42
23 15
99 67
13 28
69 60
16 99
16 53
96 71
71 83

4
33 43
49 33
77 72
84 66

14
42 50
92 51
66 6
74 15
95 17
77 39
90 16
69 93
65 6
42 65
45 36
21 37
87 30
59 93

0
